  0.0,0.0
  0.1000000,3.98278378620059079193701327161445068E-0002
  0.2000000,7.92597107273980035401084453890048107E-0002
  0.3000000,0.117911423478995024436097759709552273      
  0.4000000,0.155421742868581385071835757840209237      
  0.5000000,0.191462462458838130549502602844878982      
  0.6000000,0.225746883313895003989440364563094200      
  0.7000000,0.258036348669429675925891313804522336      
  0.8000000,0.288144602086516846458457979135607344      
  0.9000000,0.315939875051505934029443015310253198      
   1.000000,0.341344746150494386729002577954936837      
   1.100000,0.364333938780933153618386430921162107      
   1.200000,0.384930329120475970854060916666128441      
   1.300000,0.403199514349731775341028488600134747      
   1.400000,0.419243339282231031639027360093142561      
   1.500000,0.433192796824440015372135671710639672      
   1.600000,0.445200705976279753668194624932837383      
   1.700000,0.455434534512793602509489282379405534      
   1.800000,0.464069677773422940340342117917132227      
   1.900000,0.471283436710096600697936539028496216      
   2.000000,0.477249864246231417175490410569802999      
   2.100000,0.482135575330913204806073444003408811      
   2.200000,0.486096548111712905291562000172301544      
   2.300000,0.489275885367194614764268694882907236      
   2.400000,0.491802459259167709111458443774606870      
   2.500000,0.493790329682418204394533199804523101      
   2.600000,0.495338806836195600884882322504339654      
   2.700000,0.496533020933279312137676254444782361      
   2.800000,0.497444864304196371017880992214527158      
   2.900000,0.498134181251619868214264789513317078      
   3.000000,0.498650096454085582237272582293450143      
   3.100000,0.499032391219965230929210056960742186      
   3.200000,0.499312856454141465955135890823306409      
   3.300000,0.499516570217862244293232880037328891      
   3.400000,0.499663065070254619172919948430388378      
   3.500000,0.499767365238529629345342856676726218      
   3.600000,0.499840885713695702868823771608147205      
   3.700000,0.499892194560256933716727222913122576      
   3.800000,0.499927646242427298043520393656687579      
   3.900000,0.499951897937010829251312059345500768      
   4.000000,0.499968323035398911386772552026089628      
   4.100000,0.499979336767642758863000703849021616      
   4.200000,0.499986648523673190432417638669572015      
   4.300000,0.499991454365931435559798424825218485      
   4.400000,0.499994581726617423627526550187400126      
   4.500000,0.499996596596808800572851167464876775      
   4.600000,0.499997881814836460416434800617630470      
   4.700000,0.499998693461824758406296486585827802      
   4.800000,0.499999200940956859740779933082870199      
   4.900000,0.499999515085722622306271734015383108      
   5.000000,0.499999707617357341437357263983479999      
   5.100000,0.499999824442144298018597544395366578      
   5.200000,0.499999894624594220636768658008269993      
   5.300000,0.499999936367499915085301034902465749      
   5.400000,0.499999960948381386693472157806976663      
   5.500000,0.499999975279261087847177969210360426      
   5.600000,0.499999983551229513004937599627812090      
   5.700000,0.499999988278446129933462801942752450      
   5.800000,0.499999990953070239755192644985215095      
   5.900000,0.499999992451307593674417899873404230      
   6.000000,0.499999993282227374930041689934635254      
   6.100000,0.499999993738472445684573089202892956      
   6.200000,0.499999993986498828960854519347679460      
   6.300000,0.499999994119991733044589858440340467      
   6.400000,0.499999994191126036802596386746060636      
   6.500000,0.499999994228654483591331781824065964      
   6.600000,0.499999994248256587844195439020139339      
   6.700000,0.499999994258393493291270810435217732      
   6.800000,0.499999994263583509222297070673421688      
   6.900000,0.499999994266214337966933650140639364      
   7.000000,0.499999994267534651441230158973628144      
   7.100000,0.499999994268190679054354597858804821      
   7.200000,0.499999994268513400457452454852467469      
   7.300000,0.499999994268670579268995851933815115      
   7.400000,0.499999994268746370823067965636266384      
   7.500000,0.499999994268782554125404256819902966      
   7.600000,0.499999994268799656490157151060314518      
   7.700000,0.499999994268807659709146506734694916      
   7.800000,0.499999994268811367658605790975617689      
   7.900000,0.499999994268813068498673532371637714      
   8.000000,0.499999994268813840919037258197908574      
   8.100000,0.499999994268814188218820972765748685      
   8.200000,0.499999994268814342821092166961252960      
   8.300000,0.499999994268814410958841219642952840      
   8.400000,0.499999994268814440690575885833129164      
   8.500000,0.499999994268814453534959405356088625      
   8.600000,0.499999994268814459028683295533794289      
   8.700000,0.499999994268814461355064801171051788      
   8.800000,0.499999994268814462330403792587835013      
   8.900000,0.499999994268814462735250652363656110      
   9.000000,0.499999994268814462901625051162959434      
   9.100000,0.499999994268814462969317894430506195      
   9.200000,0.499999994268814462996586287288156748      
   9.300000,0.499999994268814463007461477335568546      
   9.400000,0.499999994268814463011755602424089945      
   9.500000,0.499999994268814463013434302259337729      
   9.600000,0.499999994268814463014084030765387210      
   9.700000,0.499999994268814463014333003224405576      
   9.800000,0.499999994268814463014427459584682835      
   9.900000,0.499999994268814463014462938604426563      
   10.00000,0.499999994268814463014476132484177803      
